110100111110111111010011
100100001101110110000011
100110011111011111111111
100110001110011110111110
100110011101111010001010
100101111111100011111111 
100110001110010110110100 
100110011101111110010100 
100011011111011111111111
111001011111011111110111 
100100001101110010000011
000000001011100100000000
000001001111111111111111 
000000011101010101100110 
000000101011101000000000 
000000001111111111111111
000000101101000001001010
000000111011111000000000
000000001111111111111111
101111001111001111111010 
100110101111011111111111
000000001111111111111111
000011001011110100000000
000011111110000010010000
000011101111110111111111
000010101100001100000000
000011111110010110101101
000011101111100011111111
000000001100001100000000
110000001110011110110011 
100110011110011110111110
000000001101011001100100
000100101101111110010001
000100011101011101111011
000100101101001101101100
000011111110010010010011
000100011101011001111000
000100111101001101101111 
000000001110001010001000
110000011110111011011100 
100110001101110110001010
000000001011100100000000
000100101111110111111111
000100011101001101101101
000100111011101100000000
000011011111111111111111
000100101100111001010011
000101001011111000000000
000000001111111011111111
110000011111001111111010 
100110011111100111111111
000000001111111111111111
000011011100001000000000
000011101110010010010011
000011011111111111111111
000010111100011100000000
000011101110100110110001
000011011111110011111111 
000000001100011100000000
110000001110100010110011 
100110011110010110110101
000000001101000001001000
000100101110010010101110
000100011101011001111000
000100101100111101010010 
000011101110100110110001
000100101101010001110001 
000101001100111101011001
000000001110011010100101
110000011110111011100001 
100110001101111010010100
000000001011111000000000
000100101111100011111111
000100011101010001101111
000100101011111100000000
000011011111110011111111
000100101101000001011001
000100111100001000001110
000000001111100111111111
110000101111001011110101 
100011111111011011111111
000000001111111111111111
000000001100000100000000
000000001110001010001000
000000001111110111111111 
000000001100011100000000
000000001110011010100100
000000001111100011111111
000000001100011100000000
101110011110100010110010 
111001101111011111111000
101111101111010011111010
110000011110011110110100
110000111110111011011100
110000111111001111111010
110000001110100010110011
110000111110111011100010
110000111111001011110101
101110101110100010110010
111100001111011111110000
